[0.0 7.099509400253507e-18 7.441287737059697e-20 -5.0150231408955927e-20 2.8812174298281416e-20 2.514298944555086e-20 -1.175943516177889e-19 4.1041139819977207e-19 -3.804120890563272e-19 1.9483138926256218e-19
 0.0 -8.494487806689924e-21 -2.949470626991431e-20 -9.237722775802798e-20 3.2079023723130316e-21 5.171401192782052e-21 -8.839326096776641e-21 6.248203441381248e-21 2.7153867985015293e-21 6.723130866978421e-21
 0.0 -3.7356904939800004e-17 -1.5816720334932064e-18 6.503170944401619e-17 5.170903314851431e-17 -1.3480843498851197e-16 -2.280671690570251e-16 7.613393969026781e-17 -1.5035155733326407e-16 -1.712479437824532e-17
 0.0 -1.2484624795458363e-15 -1.2645173741189238e-15 -1.2552710472540385e-17 4.344583919523553e-18 1.907684494206684e-17 -2.5692721391401155e-17 1.609184210492762e-17 -1.4234822770609786e-16 2.4594633235166718e-17
 0.0 -4.1003604236320865e-17 -1.3648688431159555e-17 8.418444347697881e-18 1.7855591925564256e-18 2.8205920646292164e-18 -1.2883497736481682e-18 2.485930399236271e-19 -6.359069957183493e-19 5.655718486215425e-18
 0.0 3.957384508839912e-17 -4.1002462837070785e-16 3.780693583207336e-14 -9.380009876772737e-15 -3.479791291459266e-15 -9.985698215762683e-15 7.454671919960056e-15 1.1782074553721223e-14 -1.404907816548693e-15
 2.0 2.0 1.9999296737866397 1.9998118035499162 1.9995392241816319 1.9989967107056024 1.9980420653728537 1.9965070605471873 1.9942016340473703 1.9909189863604548
 0.0 -0.00776526786605146 -0.012938979770249383 -0.021013544267087708 -0.032430930611808004 -0.047140378867560215 -0.06507279593853194 -0.08613734533766618 -0.11021854959342901 -0.1371734857516601
 0.0 -0.007765267866051435 -0.012939213802255458 -0.02101458131099869 -0.03243499890257901 -0.04715380729152319 -0.06511022745171713 -0.086228086770698 -0.11041522833269948 -0.13756302240316148
 0.0 -1.2484624795458363e-15 -0.008929613706622304 -0.02271423484285144 -0.04947459226014422 -0.09548402291712166 -0.16604245570910103 -0.2658807882455122 -0.39900579640658057 -0.5685421525969999
 0.0 -0.6115896810477816 -1.1499196649109635 -1.7553591389280918 -2.35395168932538 -2.94282533701407 -3.51868455341441 -4.077776603886728 -4.615855619441852 -5.128185815024617
 0.0 -0.6115896810477596 -1.1499543355063677 -1.7555060931489201 -2.3544715523779733 -2.9443739848742654 -3.5226000459227373 -4.086435442382996 -4.633069039535117 -5.159605598560711
 3.75 3.993234882046674 3.9932154107835456 3.993446459627649 3.993525481614129 3.9932032501771593 3.9921678329773567 3.9900442509195377 3.9863992753823614 3.980747035726953
 0.1 0.10190716694273518 0.0892270899802997 0.06902593726899343 0.040530412890659916 0.00376015194360059 -0.041253931183608164 -0.09446347846608892 -0.15579685720258804 -0.2251527942638743
 0.1001674211615598 0.11769297176101692 0.1153604319900962 0.11128161518053047 0.1055865836242581 0.09819582973908067 0.08900511745167103 0.07788466221579658 0.06467892687778388 0.049206912468595945
 0.0 0.027405631772362302 0.051755621184161354 0.055561292729280135 0.03129298840823848 -0.03461370638556334 -0.15423835804415942 -0.3389918989690391 -0.5994571680464447 -0.9452431526671489
 0.0 -1.4958619552899588 -2.8886011211549847 -4.382259508638327 -5.873451758905869 -7.360959956896642 -8.842685710114901 -10.315657921410725 -11.775893601189747 -13.21828787346921
 0.0 -0.27405631772302097 -0.5928631158024118 -0.8773728107627936 -1.1728026476455855 -1.4835714204521602 -1.814055521379513 -2.168689125358895 -2.551918445457012 -2.968122447076295
 0.0 -15751.754329186433 21.236239168396423 4.490967080898603 5.997140954216306 9.200287813393643 13.654959158138062 19.322262652590812 26.139384794068732 34.01798988749007
 0.0 209.5223507493085 291.65803557410266 211.3237619638582 213.09137349063755 215.12245053433102 217.439917971542 219.92503586156846 222.43525847119892 224.8140567669486
 0.0 112.97540432251877 196.14587833455184 117.42667822606423 121.47837327115835 126.45321199263421 132.3619634618809 139.07065321569178 146.41830413774937 154.22666124757453
 0.0 15751.754329186433 -21.236239168396423 -4.490967080898599 -5.99714095421631 -9.200287813393636 -13.65495915813807 -19.32226265259083 -26.13938479406872 -34.017989887490074
 0.0 -111.4223507493085 -193.55803557410266 -113.22376196385818 -114.99137349063756 -117.02245053433103 -119.33991797154201 -121.82503586156847 -124.33525847119893 -126.71405676694862
 0.0 15751.754329186433 -19.893761477036605 -5.030100284641952 -6.144851103040642 -8.419662816847314 -11.569225651299107 -15.571033717799846 -20.389834312298213 -25.97759471028604
 0.0 367.7947217936246 -76.07258355002409 -25.721272582847938 -26.367346509899235 -27.06732488665322 -27.845731001762775 -28.64181219689234 -29.381245696833954 -29.98108712243576]