[0.0 0.0 0.0 0.0 0.0 0.0 0.0 0.0 0.0 0.0
 0.0 0.0 0.0 0.0 0.0 0.0 0.0 0.0 0.0 0.0
 0.0 0.0 0.0 -1.4210854715202004e-16 -4.930380657631324e-32 2.8421709430404003e-16 2.8421709430404003e-16 -4.263256414560601e-15 2.842170943039922e-16 2.557953848736313e-15
 0.0 0.0 0.0 0.0 0.0 0.0 0.0 0.0 0.0 0.0
 0.0 0.0 0.0 0.0 0.0 0.0 0.0 0.0 0.0 0.0
 0.0 0.0 0.0 0.0 0.0 0.0 0.0 0.0 0.0 0.0
 2.0 2.0 2.3938835003328 2.0716006393060207 2.495629968896719 2.207812553468867 18.878159137215004 -0.7072761597839055 -13.76919553491653 25.065034551789925
 0.0 -5.388124013702391 0.16426366683954718 0.7505369253794554 -0.13214082542792482 0.3567697983907452 -39.78558045883344 3.1710220409474275 6.513208620095407 -27.538797614092047
 0.0 -5.388124013702391 -6.372955859625131 -5.529372072133267 -6.649358769200145 -5.8837897955859075 -49.49022265338676 -46.03042892110431 -62.14101622503223 -98.69934307417515
 0.0 0.0 0.0 0.0 0.0 0.0 0.0 0.0 0.0 0.0
 0.0 0.0 0.0 0.0 0.0 0.0 0.0 0.0 0.0 0.0
 0.0 0.0 0.0 0.0 0.0 0.0 0.0 0.0 0.0 0.0
 3.75 4.690228981963254 4.401669144273636 4.043242844019069 4.5216756844800985 4.193289623263982 22.71372649662171 33.41948136857106 53.07583897029244 52.03061106277214
 0.1 -17.59381405627427 -0.5675503100900166 0.8940676997658756 -1.2892352876577244 -0.03254006606167037 -96.27376490851198 66.40566801741956 30.587295502705835 24.144496642748123
 0.1001674211615598 -6.852248027404781 -7.276312863944355 -6.853783235629709 -7.429865540449565 -7.0281231313599815 -28.826548852341844 -98.76020949320066 -182.23635572907693 -102.96749056712663
 0.0 0.0 0.0 0.0 0.0 0.0 0.0 0.0 0.0 0.0
 0.0 0.0 0.0 0.0 0.0 0.0 0.0 0.0 0.0 0.0
 0.0 0.0 0.0 0.0 0.0 0.0 0.0 0.0 0.0 0.0
 0.0 0.0 0.0 0.0 0.0 0.0 0.0 0.0 0.0 0.0
 0.0 588.6 588.6 588.6 588.6 588.6 588.6 588.6 588.6 588.6
 0.0 1568.1248027404781 1765.0911719250262 1596.3744144266534 1820.371753840029 1667.2579591171816 10388.544530677353 9696.585784220862 12918.703245006445 20230.36861483503
 0.0 0.0 0.0 0.0 0.0 0.0 0.0 0.0 0.0 0.0
 0.0 -490.5 -490.5 -490.5 -490.5 -490.5 -490.5 -490.5 -490.5 -490.5
 0.0 0.0 0.0 0.0 0.0 0.0 0.0 0.0 0.0 0.0
 0.0 -294.3 -294.3 -294.3 -294.3 -294.3 -294.3 -294.3 -294.3 -294.3]